0.000	1.000E+5	1.000E+5	20.288	3.200	3.200	9.925E+4	-7.208	-2.453	-8.869	-7.086	0.000	-5.346	1.001E+5	0.000	1.001E+5	0.245	1.000E+5	-63.971	-86.174	-50.354	-103.996 0.000	22.492
10.000	1.000E+5	1.000E+5	20.266	3.200	3.530	9.925E+4	8.317	11.381	3.419	4.704	0.000	5.151	1.002E+5	0.000	1.002E+5	0.701	1.000E+5	-56.945	-79.969	-43.846	-98.220	0.000	26.592
20.000	1.000E+5	1.000E+5	20.234	3.200	3.910	9.926E+4	43.731	45.323	34.349	34.222	0.000	30.350	1.005E+5	157.000	1.004E+5	1.212	1.000E+5	-43.336	-66.204	-30.733	-88.039	0.000	33.145
30.000	1.000E+5	1.000E+5	20.181	3.200	4.300	9.925E+4	102.395	103.365	87.775	81.864	0.000	72.904	1.007E+5	234.400	1.005E+5	1.719	1.000E+5	-22.224	-47.042	-13.124	-79.131	0.000	41.485
40.000	1.000E+5	1.000E+5	20.138	3.200	4.720	9.926E+4	179.118	177.479	156.945	142.432	0.000	126.984	1.010E+5	308.400	1.007E+5	2.229	1.001E+5	6.295	-18.551	-3.133	-68.077	0.000	49.725
50.000	1.000E+5	1.000E+5	20.113	3.200	5.160	9.926E+4	271.218	263.601	235.265	220.269	0.000	194.840	1.013E+5	377.200	1.009E+5	2.725	1.001E+5	41.254	14.707	14.730	-53.938	0.000	60.550
60.000	1.000E+5	1.000E+5	20.069	3.200	5.630	9.926E+4	380.086	371.197	326.005	312.451	0.000	273.496	1.017E+5	445.400	1.010E+5	3.221	1.001E+5	81.502	55.241	34.097	-40.943	0.000	69.223
70.000	1.000E+5	1.000E+5	20.008	3.200	6.130	9.926E+4	511.324	493.479	438.485	413.030	0.000	366.528	1.020E+5	513.000	1.012E+5	3.719	1.001E+5	128.371	100.113	56.744	-26.216	0.000	82.966
80.000	1.000E+5	1.000E+5	19.971	3.200	6.680	9.927E+4	647.929	620.812	557.580	529.394	0.000	465.302	1.024E+5	578.100	1.014E+5	4.203	1.001E+5	180.386	151.608	74.181	-10.151	0.000	92.944
90.000	1.000E+5	1.000E+5	19.954	3.200	7.310	9.926E+4	803.522	780.198	700.179	659.950	0.000	580.274	1.028E+5	644.100	1.016E+5	4.687	1.001E+5	239.090	208.760	96.275	6.713	0.000	105.065
96.000	1.000E+5	1.000E+5	19.865	3.200	7.710	9.927E+4	894.360	870.739	792.756	722.492	0.000	645.073	1.030E+5	680.100	1.017E+5	4.956	1.001E+5	274.116	240.497	108.201	15.654	0.000	110.805
